
 0.015682
 0.039173 0.013406
 0.016378 0.009481 0.010231
 0.012875 0.025330 0.019978 0.001150
 0.014730 0.025107 0.033037 0.001204 0.124842
 0.018060 0.010561 0.030724 0.011544 0.019185 0.024639
 0.019302 0.013911 0.036540 0.002873 0.025786 0.016962 0.032163
 0.026859 0.018637 0.022678 0.015887 0.013476 0.014379 0.015450 0.019967
 0.012906 0.023745 0.013883 0.001792 0.121260 0.052813 0.015636 0.024651 0.012976
 0.014511 0.012795 0.016207 0.018838 0.008846 0.008623 0.019098 0.022978 0.017716 0.009451
 0.018086 0.013538 0.015846 0.006258 0.010099 0.006635 0.022373 0.064662 0.019079 0.020334 0.024434
 0.012528 0.023411 0.008281 0.003408 0.051469 0.028038 0.011300 0.013442 0.012877 0.113658 0.009172 0.023961
 0.017549 0.012247 0.008055 0.019477 0.003310 0.002766 0.011569 0.021050 0.018865 0.006100 0.023848 0.055218 0.011734
 0.019633 0.014612 0.057536 0.001800 0.030309 0.056268 0.040056 0.042928 0.019475 0.013677 0.016153 0.017713 0.007936 0.007451
 0.031553 0.015203 0.034763 0.015705 0.014223 0.017267 0.016949 0.022836 0.026467 0.013794 0.016455 0.021060 0.014094 0.021169 0.023004
 0.012719 0.022102 0.003505 0.012919 0.013662 0.010129 0.005879 0.004053 0.013441 0.024722 0.009624 0.009908 0.050921 0.026679 0.002995 0.014410
 0.012955 0.019772 0.017134 0.001640 0.098258 0.044470 0.020230 0.034857 0.012983 0.079041 0.011562 0.016963 0.035363 0.005096 0.030848 0.012151 0.009111
 0.012368 0.022809 0.005371 0.006987 0.026054 0.017711 0.007955 0.006509 0.012862 0.049291 0.009132 0.017474 0.108608 0.020791 0.004506 0.013697 0.112566 0.017477
 0.018034 0.009304 0.026612 0.016417 0.007780 0.009041 0.020682 0.025454 0.020555 0.008158 0.019798 0.023775 0.007801 0.022905 0.020324 0.023744 0.008290 0.009902 0.007966
 0.012684 0.018541 0.010062 0.003210 0.035885 0.018155 0.014872 0.020941 0.012911 0.074073 0.011996 0.031436 0.081732 0.011973 0.013157 0.012334 0.021013 0.095138 0.043916 0.009741
 0.012936 0.022331 0.003080 0.020999 0.007438 0.006341 0.003929 0.002221 0.013124 0.012358 0.009171 0.004982 0.024296 0.017834 0.001642 0.014845 0.127663 0.004944 0.052648 0.008015 0.010533
 0.019091 0.015558 0.041713 0.001944 0.040378 0.060077 0.034712 0.044539 0.017929 0.019704 0.021858 0.017402 0.009705 0.007025 0.067437 0.019203 0.003726 0.041203 0.006147 0.017959 0.016082 0.002009
 0.024157 0.011856 0.034882 0.013887 0.011280 0.012505 0.018497 0.025049 0.022458 0.010940 0.016565 0.021499 0.010945 0.021423 0.019750 0.032781 0.011410 0.011913 0.010833 0.035800 0.011838 0.011207 0.019529
 0.012318 0.017130 0.005640 0.007474 0.012994 0.009092 0.009734 0.008727 0.012383 0.026746 0.011914 0.023732 0.059110 0.024716 0.007136 0.011979 0.053052 0.033680 0.086416 0.009690 0.092683 0.026406 0.007860 0.011426
 0.017054 0.055723 0.016250 0.010315 0.022719 0.020911 0.011752 0.016341 0.035234 0.022558 0.011882 0.015705 0.022177 0.014501 0.016512 0.015909 0.020326 0.021748 0.020678 0.011855 0.020603 0.021278 0.016276 0.014379 0.019922
 0.012678 0.020820 0.017841 0.002315 0.072552 0.066661 0.017463 0.018660 0.012705 0.066489 0.008948 0.015420 0.057317 0.007887 0.027874 0.012066 0.026512 0.088326 0.042996 0.009426 0.078225 0.015631 0.029886 0.011385 0.054351 0.022527
 0.018604 0.011804 0.009810 0.056810 0.001054 0.001108 0.005038 0.007171 0.020569 0.001846 0.024767 0.016003 0.003174 0.050634 0.003060 0.022664 0.013839 0.001844 0.006037 0.023303 0.003532 0.025687 0.002613 0.020443 0.007675 0.013879 0.002451
 0.014740 0.020796 0.007999 0.059646 0.004717 0.005305 0.002791 0.001844 0.015283 0.006992 0.010709 0.003385 0.011723 0.009667 0.001582 0.017577 0.042194 0.003189 0.021998 0.009078 0.005558 0.121528 0.001665 0.011453 0.011418 0.019699 0.006990 0.047441
 0.012739 0.017018 0.003330 0.016211 0.005921 0.004551 0.005950 0.004132 0.013025 0.010757 0.012159 0.010807 0.021674 0.030934 0.003783 0.012263 0.091863 0.013988 0.052441 0.010032 0.034621 0.078479 0.003793 0.011952 0.095385 0.019179 0.029987 0.019612 0.028824
 0.012594 0.048068 0.011475 0.010775 0.036779 0.033614 0.010175 0.012744 0.019787 0.036054 0.012068 0.012786 0.035249 0.011757 0.016395 0.011719 0.033224 0.026739 0.035100 0.009791 0.026127 0.034706 0.014730 0.010549 0.025447 0.060845 0.034178 0.011864 0.033058 0.024670
 0.017470 0.015482 0.011724 0.005795 0.014455 0.008336 0.018780 0.029429 0.016338 0.029094 0.024283 0.059863 0.046473 0.027952 0.010345 0.017349 0.015669 0.024097 0.030430 0.016072 0.059215 0.008432 0.028217 0.018386 0.044368 0.016628 0.025247 0.008143 0.004261 0.018012 0.015695
 0.019311 0.016000 0.030728 0.002372 0.038254 0.019616 0.030460 0.074506 0.018715 0.037218 0.017802 0.045023 0.020664 0.013917 0.073843 0.021522 0.005397 0.060633 0.010267 0.019553 0.037661 0.003241 0.035065 0.019579 0.015859 0.017876 0.030204 0.004701 0.002144 0.006348 0.017428 0.027891
 0.017226 0.015136 0.007369 0.012677 0.006950 0.005027 0.012592 0.014348 0.016492 0.012298 0.023997 0.038721 0.026318 0.051760 0.006276 0.017306 0.031845 0.011154 0.044777 0.016158 0.027999 0.017309 0.016297 0.018409 0.058652 0.016513 0.017473 0.015788 0.007876 0.039594 0.015225 0.088446 0.013256
 0.017183 0.010307 0.009536 0.086975 0.004956 0.003424 0.072978 0.012254 0.015259 0.008344 0.019704 0.022324 0.011968 0.028996 0.005645 0.016730 0.016158 0.006790 0.015925 0.019217 0.012532 0.015273 0.005581 0.016655 0.017965 0.011291 0.008532 0.027461 0.018465 0.019292 0.010360 0.020682 0.010595 0.025174
 0.017492 0.014008 0.004669 0.023669 0.003240 0.002563 0.007719 0.007160 0.016786 0.005521 0.024150 0.018538 0.011280 0.056017 0.003374 0.017904 0.047787 0.005162 0.024580 0.015973 0.011868 0.043189 0.008209 0.018333 0.031397 0.015857 0.009627 0.037269 0.018349 0.068430 0.014885 0.037069 0.006145 0.087322 0.025339
 0.013950 0.016158 0.005199 0.047635 0.002734 0.002679 0.003300 0.002159 0.014115 0.004132 0.013346 0.004649 0.007491 0.015387 0.001987 0.013195 0.032697 0.006303 0.015492 0.010863 0.012957 0.084716 0.002131 0.011875 0.029206 0.018832 0.010660 0.049819 0.128144 0.084290 0.024067 0.006375 0.003374 0.013305 0.018465 0.033791
 0.019287 0.014162 0.017130 0.005292 0.014663 0.009058 0.023174 0.042393 0.018964 0.030097 0.018873 0.069923 0.035601 0.034404 0.033335 0.022692 0.014345 0.027678 0.023450 0.019627 0.054193 0.008474 0.014338 0.019541 0.037892 0.017753 0.026117 0.011120 0.004837 0.018050 0.017125 0.052734 0.093045 0.032072 0.020425 0.015930 0.007560
 0.012347 0.016750 0.004433 0.031917 0.005698 0.004179 0.003435 0.003032 0.012880 0.011192 0.009165 0.007035 0.023314 0.016575 0.002232 0.011903 0.065021 0.009221 0.046094 0.009333 0.023413 0.087130 0.002235 0.010570 0.054386 0.019494 0.025957 0.024443 0.091048 0.091784 0.029991 0.011409 0.003865 0.021458 0.017466 0.032752 0.111677 0.010008
 0.018789 0.013832 0.009740 0.012011 0.006107 0.004259 0.013276 0.016914 0.018811 0.011811 0.018293 0.047499 0.023408 0.057419 0.015118 0.021835 0.027133 0.010770 0.030263 0.018736 0.027415 0.019761 0.006651 0.018799 0.046889 0.016861 0.016343 0.026601 0.011744 0.039013 0.016400 0.035789 0.033513 0.046724 0.029473 0.037528 0.019936 0.089108 0.021613
 0.023209 0.017001 0.067159 0.015743 0.014092 0.032712 0.051526 0.038775 0.024758 0.007284 0.078933 0.016953 0.004896 0.008549 0.071983 0.025198 0.002925 0.014991 0.003412 0.026275 0.007830 0.002714 0.075712 0.020832 0.005178 0.013412 0.014041 0.012068 0.011578 0.003346 0.014672 0.011247 0.024562 0.008379 0.012402 0.006077 0.006082 0.013801 0.005221 0.007101
 0.018505 0.012274 0.008461 0.049062 0.001677 0.001343 0.004300 0.004942 0.019065 0.003085 0.017588 0.012220 0.005995 0.037843 0.005000 0.021770 0.023931 0.002927 0.012474 0.017797 0.006499 0.033322 0.001923 0.017298 0.016150 0.015486 0.004336 0.078707 0.048360 0.036085 0.015558 0.008452 0.008848 0.019514 0.025217 0.038268 0.060613 0.020397 0.035901 0.053897 0.011480
 0.016815 0.022333 0.016473 0.016258 0.039858 0.038983 0.011397 0.014930 0.017275 0.038768 0.011740 0.014883 0.039139 0.013934 0.020288 0.020213 0.037424 0.028386 0.037518 0.010543 0.027712 0.039682 0.018615 0.014427 0.027002 0.020964 0.037422 0.016792 0.040867 0.027908 0.030717 0.019062 0.021313 0.018311 0.011640 0.018722 0.029331 0.021122 0.037169 0.020183 0.015824 0.021881
 0.013105 0.022462 0.011751 0.013574 0.020061 0.019126 0.012078 0.018303 0.015281 0.019269 0.013834 0.018336 0.018741 0.017638 0.017618 0.011920 0.018263 0.022953 0.018291 0.010757 0.022080 0.018753 0.022793 0.009202 0.021731 0.018141 0.020525 0.018191 0.020096 0.021910 0.020641 0.024617 0.018545 0.023632 0.011784 0.023112 0.021227 0.018271 0.019875 0.018133 0.014852 0.017355 0.019012
 0.022559 0.010381 0.027112 0.015377 0.010605 0.012237 0.018519 0.025752 0.027022 0.010577 0.024678 0.025602 0.010229 0.023945 0.025418 0.023985 0.010567 0.010951 0.010221 0.035856 0.010796 0.010180 0.017249 0.023401 0.010924 0.016162 0.010767 0.024156 0.012075 0.011026 0.011512 0.015949 0.024494 0.015753 0.017622 0.015407 0.011316 0.024812 0.010356 0.023142 0.033286 0.022140 0.012212 0.012658
 0.036550 0.012294 0.032909 0.018693 0.008882 0.006520 0.013172 0.017160 0.020370 0.010916 0.016875 0.022090 0.012007 0.024331 0.011829 0.030801 0.014446 0.010044 0.013043 0.021917 0.012257 0.014675 0.010037 0.030159 0.013360 0.015177 0.010014 0.026401 0.016505 0.014294 0.011010 0.018034 0.019390 0.019097 0.019649 0.020204 0.015976 0.023773 0.014910 0.025188 0.019131 0.026276 0.015681 0.011521 0.024079
 0.018562 0.013760 0.007120 0.056945 0.001536 0.001375 0.004558 0.003734 0.018100 0.002336 0.024920 0.008484 0.004333 0.025823 0.002099 0.019033 0.018822 0.002653 0.008489 0.016618 0.004856 0.043793 0.004527 0.018024 0.011088 0.015366 0.004110 0.087860 0.072140 0.030412 0.014799 0.014953 0.003024 0.029977 0.024914 0.075795 0.086351 0.007353 0.040769 0.018903 0.008238 0.058354 0.019583 0.023362 0.015902 0.021835
 0.017721 0.016705 0.019879 0.003210 0.036868 0.018054 0.026320 0.060798 0.017226 0.049940 0.024997 0.044125 0.028830 0.013364 0.021526 0.017670 0.007609 0.062244 0.014110 0.016516 0.049230 0.003877 0.066575 0.018607 0.018230 0.017150 0.030628 0.004235 0.002546 0.007855 0.016114 0.087793 0.056362 0.038061 0.012130 0.016406 0.003422 0.039679 0.005012 0.016490 0.022803 0.003801 0.019409 0.024487 0.016082 0.015553 0.007707
 0.018820 0.012521 0.053590 0.002107 0.020586 0.039251 0.040110 0.069123 0.019420 0.010629 0.021503 0.029971 0.006022 0.012897 0.101066 0.022615 0.002259 0.020411 0.003612 0.025376 0.008907 0.001295 0.078647 0.022204 0.004937 0.014907 0.017198 0.005249 0.001417 0.002580 0.011933 0.013414 0.040128 0.008372 0.006373 0.004686 0.001551 0.018753 0.001580 0.009163 0.087130 0.002881 0.014682 0.016930 0.025694 0.011262 0.002665 0.026016
 0.014555 0.019443 0.034115 0.001533 0.066890 0.131209 0.028383 0.024060 0.014346 0.029301 0.011254 0.009246 0.016739 0.003854 0.078967 0.014636 0.006017 0.089812 0.009992 0.011864 0.033670 0.003607 0.074948 0.013226 0.017608 0.020346 0.080348 0.001464 0.003196 0.008288 0.024169 0.011254 0.030454 0.006556 0.004229 0.003429 0.005012 0.013498 0.005346 0.006248 0.045903 0.001982 0.027561 0.020849 0.012710 0.006783 0.002153 0.023344 0.050758
0.060164 0.013163 0.013946 0.013043 0.011534 0.013438 0.025406 0.011735 0.023797 0.011354 0.061631 0.014026 0.011896 0.017406 0.011637 0.041009 0.010379 0.009987 0.011585 0.055047 0.010145 0.010465 0.021222 0.060953 0.009553 0.028405 0.031195 0.017828 0.013416 0.009191 0.037606 0.010693 0.010640 0.010324 0.018012 0.011113 0.011963 0.006116 0.020228 0.011372 0.003271 0.017578 0.020915 0.015711 0.042166 0.040393 0.015251 0.011943 0.017947 0.012202 
