
 0.029210
 0.037083 0.045676
 0.030648 0.032307 0.023550
 0.091674 0.026660 0.037387 0.031133
 0.035523 0.026903 0.032204 0.031200 0.061681
 0.031090 0.031003 0.021988 0.032568 0.021415 0.052484
 0.058567 0.025244 0.022448 0.031459 0.041699 0.046203 0.048027
 0.036928 0.042916 0.081650 0.022145 0.037061 0.034284 0.024151 0.022573
 0.041917 0.022675 0.022676 0.029974 0.069918 0.077441 0.028543 0.072611 0.022561
 0.025293 0.044313 0.050910 0.020939 0.016951 0.015762 0.047108 0.017956 0.096511 0.010869
 0.048076 0.032179 0.029154 0.032377 0.027169 0.065818 0.119034 0.065006 0.034792 0.034153 0.034508
 0.035628 0.038827 0.045531 0.022495 0.022702 0.022118 0.056950 0.023152 0.071489 0.015600 0.133789 0.044521
 0.052329 0.021974 0.017473 0.027230 0.030266 0.022838 0.031531 0.050019 0.017544 0.028588 0.017708 0.039581 0.022660
 0.037213 0.020865 0.020250 0.027651 0.063616 0.053031 0.017909 0.036702 0.019703 0.062712 0.009209 0.021311 0.013300 0.114338
 0.032194 0.023851 0.020222 0.039141 0.031665 0.030869 0.032522 0.036058 0.020019 0.034731 0.018867 0.032453 0.020674 0.027682 0.029543
 0.027806 0.078324 0.056156 0.025108 0.022898 0.025526 0.028982 0.022218 0.052783 0.018870 0.055176 0.030003 0.044646 0.021443 0.020688 0.018691
 0.129167 0.030948 0.034761 0.030521 0.066720 0.026532 0.042487 0.054761 0.036515 0.030057 0.035778 0.055797 0.048007 0.060128 0.026686 0.032270 0.028744
 0.054431 0.021889 0.019231 0.026822 0.040699 0.030815 0.024455 0.050867 0.018954 0.037789 0.012925 0.033586 0.017022 0.251395 0.162436 0.029127 0.021484 0.049150
 0.034539 0.021843 0.013323 0.026841 0.022322 0.017540 0.042599 0.036746 0.013223 0.022130 0.024166 0.034168 0.029447 0.230951 0.085208 0.029028 0.022123 0.046603 0.154939
 0.038390 0.030389 0.031298 0.023043 0.033752 0.026654 0.030511 0.030823 0.031923 0.026557 0.034784 0.031572 0.038947 0.024905 0.021845 0.016077 0.031216 0.042095 0.024626 0.025110
 0.033578 0.048672 0.104472 0.022137 0.018684 0.016560 0.035772 0.019662 0.066868 0.011778 0.101308 0.037228 0.083486 0.019621 0.009498 0.018771 0.063429 0.042315 0.014929 0.021807 0.033833
 0.024877 0.047278 0.082017 0.022442 0.016686 0.014116 0.041941 0.017141 0.050267 0.010557 0.117254 0.028399 0.087236 0.015975 0.009162 0.018914 0.060285 0.032416 0.012803 0.023862 0.031882 0.161036
 0.028710 0.019204 0.015315 0.031527 0.029196 0.031400 0.032696 0.039008 0.017572 0.037690 0.016166 0.032645 0.017806 0.034997 0.034258 0.058455 0.017262 0.027872 0.034657 0.035025 0.018558 0.014088 0.014343
 0.049510 0.036048 0.068291 0.023473 0.051286 0.048130 0.028469 0.028441 0.100890 0.032523 0.056769 0.040709 0.082633 0.021896 0.028578 0.021299 0.040354 0.044315 0.025324 0.015883 0.034488 0.047721 0.037606 0.019282
 0.079411 0.030503 0.025071 0.029898 0.048830 0.021283 0.059454 0.041136 0.025666 0.024585 0.049557 0.043686 0.062004 0.045248 0.021825 0.031721 0.028246 0.113707 0.032380 0.062053 0.040346 0.043738 0.049975 0.028835 0.030171
 0.029139 0.019336 0.020498 0.028045 0.034829 0.037066 0.029255 0.032165 0.020716 0.037096 0.018476 0.028727 0.020191 0.029528 0.040186 0.029211 0.017271 0.027394 0.030969 0.029363 0.020101 0.017633 0.017745 0.032658 0.024245 0.027602
 0.040833 0.025691 0.016351 0.031317 0.028055 0.031459 0.076419 0.082298 0.017159 0.049706 0.027552 0.061531 0.033721 0.044135 0.024515 0.035263 0.021938 0.051650 0.035165 0.054495 0.031571 0.024884 0.027158 0.039702 0.020249 0.063614 0.030778
 0.029448 0.025841 0.021948 0.047205 0.029192 0.036573 0.037394 0.036624 0.020738 0.035299 0.019686 0.037700 0.020602 0.032471 0.032636 0.047577 0.019785 0.029166 0.032255 0.032731 0.020300 0.020349 0.020799 0.044136 0.021455 0.029267 0.028268 0.037091
 0.053557 0.030216 0.030511 0.032138 0.036712 0.091373 0.085821 0.068275 0.035904 0.046840 0.025430 0.132559 0.034702 0.036485 0.029033 0.032591 0.028236 0.049912 0.043119 0.025184 0.029666 0.026454 0.021416 0.031709 0.045841 0.032866 0.030217 0.048220 0.037191
0.010568 0.061967 0.056818 0.085023 0.028785 0.021397 0.019943 0.013757 0.032106 0.034478 0.019052 0.008212 0.028202 0.009630 0.022434 0.063990 0.037359 0.011973 0.008423 0.022837 0.016948 0.008127 0.026998 0.054863 0.033592 0.029384 0.053961 0.033566 0.138093 0.007516 
