
 0.043596
 0.039963 0.061146
 0.028585 0.049893 0.068325
 0.105281 0.055977 0.035600 0.032453
 0.016159 0.025362 0.041942 0.074551 0.030464
 0.034379 0.008937 0.028706 0.040026 0.010267 0.086333
 0.044982 0.069145 0.092212 0.058798 0.053059 0.075651 0.019254
 0.049358 0.049793 0.073198 0.064521 0.045415 0.056748 0.055808 0.055458
 0.186225 0.043927 0.042844 0.029511 0.077020 0.015502 0.048214 0.045432 0.061614
 0.034397 0.063632 0.075245 0.065315 0.040116 0.075541 0.040513 0.082784 0.061059 0.035270
 0.030999 0.073925 0.061815 0.087387 0.039025 0.041282 0.027688 0.055666 0.052642 0.033022 0.063459
 0.026317 0.036433 0.067788 0.071031 0.020394 0.080533 0.059827 0.054385 0.056920 0.029025 0.080345 0.077718
 0.076790 0.072572 0.058783 0.041558 0.072991 0.024939 0.016137 0.062713 0.061524 0.087906 0.049712 0.050537 0.031566
 0.029726 0.015768 0.058225 0.051645 0.010014 0.083913 0.127297 0.032791 0.065483 0.043372 0.052079 0.042870 0.079383 0.049390
 0.104373 0.025165 0.048805 0.031667 0.100550 0.016928 0.043561 0.044677 0.044857 0.086802 0.037177 0.028693 0.058685 0.048399 0.049451
 0.025071 0.032659 0.040184 0.046905 0.019443 0.084680 0.128368 0.027299 0.053639 0.029786 0.045609 0.037503 0.078682 0.021598 0.094577 0.090362
 0.029693 0.052543 0.055185 0.065250 0.035990 0.039601 0.031260 0.042501 0.051857 0.035615 0.046845 0.055759 0.047241 0.067392 0.067246 0.034285 0.044642
 0.036650 0.062899 0.059923 0.061584 0.064314 0.056433 0.035680 0.048950 0.076720 0.041854 0.055391 0.060353 0.045311 0.078210 0.056783 0.031738 0.043911 0.061685
 0.151231 0.041503 0.037604 0.028072 0.104003 0.018907 0.050553 0.045715 0.044083 0.123656 0.040038 0.027874 0.027494 0.069132 0.033026 0.103595 0.031363 0.027664 0.034797
0.036219 0.064239 0.070664 0.048824 0.040856 0.017361 0.056070 0.043584 0.060420 0.043623 0.043098 0.061801 0.053862 0.048449 0.032350 0.028408 0.055953 0.062752 0.061282 0.070184 
