
 0.077221
 0.104236 0.117235
 0.237536 0.075411 0.101662
 0.067571 0.140208 0.124951 0.076779
 0.114984 0.116581 0.132826 0.137455 0.148215
 0.072722 0.142899 0.102621 0.074325 0.161922 0.115632
 0.119937 0.116092 0.102266 0.110889 0.101949 0.112821 0.119679
 0.102123 0.109725 0.097938 0.101510 0.105251 0.111837 0.128205 0.157494
 0.091198 0.073556 0.089270 0.082757 0.067605 0.079986 0.054454 0.080117 0.080695
0.103731 0.138212 0.082425 0.106126 0.136342 0.129143 0.064320 0.125664 0.111873 0.002164 
