
 0.021802
 0.015982 0.044166
 0.049501 0.020303 0.012602
 0.014754 0.014813 0.027347 0.015814
 0.035454 0.018133 0.014823 0.033468 0.010201
 0.009086 0.007752 0.014788 0.009539 0.023313 0.034519
 0.019460 0.018828 0.024638 0.018538 0.034771 0.016407 0.027552
 0.013136 0.024230 0.023252 0.012545 0.022592 0.013224 0.017183 0.028878
 0.017473 0.026631 0.028788 0.020618 0.024390 0.023932 0.027625 0.023048 0.020399
 0.019894 0.033988 0.042041 0.017695 0.022998 0.022037 0.014873 0.023440 0.021971 0.032717
 0.044763 0.033627 0.024367 0.030990 0.024994 0.025246 0.014438 0.026153 0.023456 0.025010 0.031722
 0.015246 0.034096 0.021190 0.017332 0.014528 0.021168 0.018908 0.041379 0.032036 0.023880 0.024016 0.028765
 0.004902 0.007789 0.024005 0.005690 0.054381 0.042518 0.049398 0.036600 0.026377 0.024643 0.021515 0.025329 0.016254
 0.010615 0.008928 0.013043 0.115104 0.027653 0.019830 0.044953 0.039812 0.018490 0.020263 0.014748 0.016420 0.021583 0.042431
 0.135708 0.021163 0.016991 0.047972 0.016141 0.036319 0.004700 0.007934 0.008562 0.018075 0.020173 0.035805 0.005800 0.002610 0.004231
 0.027880 0.016520 0.018976 0.026792 0.018010 0.069303 0.080685 0.022955 0.015932 0.044991 0.021268 0.022751 0.018824 0.029842 0.027258 0.025720
 0.025976 0.041717 0.026825 0.029211 0.029787 0.023460 0.013459 0.035506 0.028336 0.025191 0.030640 0.053416 0.044741 0.019160 0.019677 0.018903 0.021310
 0.025501 0.009349 0.015320 0.012193 0.023605 0.017599 0.064426 0.033781 0.019434 0.018020 0.015787 0.018944 0.016553 0.036347 0.038481 0.013801 0.032559 0.014837
 0.008359 0.049222 0.044403 0.009207 0.041402 0.008038 0.018860 0.025205 0.026439 0.025866 0.026956 0.016337 0.019800 0.037300 0.020043 0.010765 0.015288 0.018243 0.016628
 0.030476 0.044929 0.039667 0.026856 0.017453 0.025331 0.005833 0.014301 0.017794 0.026230 0.045316 0.040330 0.020779 0.005794 0.005741 0.036802 0.020385 0.034258 0.008247 0.014912
 0.040939 0.029256 0.024188 0.036370 0.041571 0.025489 0.001868 0.006502 0.009364 0.024742 0.026642 0.039049 0.027833 0.002270 0.002628 0.042351 0.013994 0.022342 0.003169 0.026166 0.047756
 0.058610 0.019968 0.014377 0.043818 0.010612 0.094131 0.048673 0.014071 0.011220 0.025528 0.018455 0.030777 0.016702 0.005969 0.012152 0.071980 0.075946 0.022166 0.020513 0.008427 0.025688 0.032054
 0.006353 0.019626 0.039684 0.007082 0.030670 0.011511 0.022957 0.031527 0.027236 0.026696 0.036240 0.020313 0.025386 0.041796 0.023631 0.004215 0.020877 0.023410 0.023770 0.036628 0.029512 0.003409 0.007545
 0.034302 0.044283 0.022775 0.032744 0.012163 0.027557 0.003858 0.019000 0.019780 0.023469 0.025266 0.032917 0.113760 0.003559 0.005904 0.026660 0.016126 0.045119 0.004169 0.007960 0.041348 0.134751 0.029596 0.008174
 0.030729 0.010264 0.016621 0.011493 0.026968 0.017427 0.051270 0.044003 0.022185 0.018465 0.016537 0.024120 0.026100 0.042681 0.043646 0.010718 0.028417 0.019295 0.102153 0.018453 0.007544 0.002958 0.015242 0.025682 0.006349
 0.029046 0.068884 0.029684 0.029327 0.018332 0.019696 0.004270 0.013186 0.017924 0.033677 0.033815 0.043509 0.028622 0.005375 0.006048 0.030435 0.019955 0.042228 0.006061 0.017742 0.056870 0.060485 0.027124 0.012949 0.064458 0.006421
 0.002552 0.010465 0.030337 0.003944 0.051195 0.002838 0.024610 0.027272 0.026021 0.031668 0.021895 0.009133 0.014743 0.056633 0.025095 0.002236 0.018723 0.011344 0.020112 0.071582 0.005609 0.004979 0.002813 0.046978 0.003983 0.020669 0.014364
 0.020938 0.032549 0.030603 0.019993 0.011926 0.027697 0.014456 0.025291 0.025364 0.034385 0.044499 0.031671 0.029992 0.013780 0.015886 0.018983 0.024490 0.033862 0.016865 0.014832 0.057698 0.012184 0.021433 0.043494 0.027413 0.018222 0.035383 0.010835
 0.026292 0.011333 0.014447 0.016343 0.011804 0.030766 0.068278 0.034088 0.019646 0.018335 0.020211 0.022680 0.022862 0.024494 0.034108 0.012203 0.033026 0.019231 0.085094 0.011220 0.010704 0.002546 0.031555 0.021164 0.006519 0.070307 0.008682 0.009985 0.023678
 0.020023 0.026510 0.031288 0.018731 0.034116 0.014415 0.011671 0.019302 0.059423 0.023446 0.031770 0.025548 0.014393 0.025164 0.013751 0.024018 0.015288 0.020531 0.011396 0.030101 0.027259 0.052560 0.014956 0.025978 0.024194 0.012484 0.027630 0.030771 0.018840 0.008946
 0.132573 0.021104 0.013758 0.037862 0.006366 0.039050 0.017193 0.024048 0.016280 0.016615 0.017833 0.034965 0.018847 0.004770 0.016357 0.106134 0.029084 0.023571 0.040760 0.004728 0.020947 0.009046 0.073438 0.012070 0.024698 0.042994 0.022742 0.002111 0.023402 0.054622 0.011083
 0.084308 0.019046 0.014064 0.037295 0.005727 0.047622 0.014819 0.020218 0.014569 0.018116 0.021391 0.030651 0.015498 0.004627 0.012624 0.074446 0.032056 0.022831 0.029685 0.004043 0.025666 0.010731 0.082707 0.008556 0.027150 0.022730 0.024028 0.002182 0.026278 0.065064 0.011912 0.144120
 0.005431 0.003403 0.016992 0.004531 0.037846 0.007115 0.072155 0.033573 0.017993 0.019609 0.016367 0.006798 0.007148 0.050943 0.043364 0.004298 0.026283 0.006549 0.076682 0.020571 0.002979 0.001139 0.005964 0.027320 0.001540 0.062528 0.002710 0.038996 0.007969 0.066723 0.019892 0.007867 0.011758
 0.014620 0.014972 0.031938 0.014434 0.034738 0.014088 0.020087 0.023137 0.020091 0.032382 0.035624 0.018790 0.010279 0.034757 0.020030 0.020299 0.020207 0.014386 0.017226 0.032832 0.035796 0.032753 0.013315 0.049687 0.012445 0.018378 0.024109 0.045275 0.051365 0.011931 0.035444 0.007339 0.007930 0.029288
 0.094390 0.016969 0.016686 0.050603 0.017983 0.044477 0.004278 0.006154 0.006808 0.017834 0.024194 0.033186 0.004580 0.002202 0.003588 0.168544 0.024402 0.016240 0.006816 0.011774 0.034665 0.050540 0.079824 0.002919 0.023850 0.006350 0.029904 0.002258 0.014902 0.016274 0.025677 0.045166 0.099606 0.006148 0.022925
 0.037104 0.015457 0.020172 0.023652 0.021693 0.030301 0.042514 0.027420 0.016501 0.023477 0.027175 0.028381 0.017432 0.028880 0.027745 0.045228 0.029234 0.021039 0.051217 0.016515 0.021283 0.016033 0.038330 0.022302 0.016041 0.039223 0.016937 0.016200 0.022789 0.059051 0.018031 0.050289 0.054329 0.050154 0.022305 0.047473
 0.008307 0.042104 0.030148 0.010106 0.024292 0.014136 0.023735 0.028963 0.028296 0.035827 0.031002 0.030186 0.050701 0.033026 0.024419 0.005423 0.023739 0.036999 0.021667 0.052147 0.020208 0.011382 0.010066 0.043960 0.012537 0.024189 0.051361 0.071856 0.035496 0.024791 0.018011 0.011346 0.008823 0.015244 0.024660 0.005455 0.018345
 0.066132 0.032111 0.025224 0.053746 0.029499 0.029113 0.002973 0.024632 0.012668 0.022957 0.028107 0.044630 0.014751 0.003194 0.005217 0.068321 0.019322 0.038905 0.005626 0.013963 0.045014 0.102469 0.037115 0.005306 0.071114 0.006371 0.043462 0.002734 0.023451 0.006892 0.033616 0.029513 0.035640 0.002015 0.025195 0.072335 0.024383 0.007792
 0.003216 0.008472 0.024282 0.004442 0.046195 0.005496 0.028487 0.041837 0.030207 0.024522 0.018670 0.009704 0.087770 0.048700 0.031094 0.001403 0.016260 0.016126 0.019521 0.044867 0.005205 0.010131 0.003476 0.036696 0.017487 0.026899 0.006452 0.072426 0.011082 0.012751 0.026073 0.002558 0.002568 0.030079 0.029425 0.001639 0.016553 0.037784 0.004015
0.025214 0.030044 0.059626 0.008216 0.044529 0.007560 0.018624 0.056851 0.035901 0.024397 0.035546 0.037341 0.020848 0.024419 0.009669 0.011811 0.028249 0.043148 0.029028 0.027645 0.023502 0.008269 0.018246 0.032772 0.011495 0.033581 0.017199 0.009743 0.030762 0.032931 0.026139 0.008142 0.019084 0.022667 0.029827 0.017265 0.019087 0.015510 0.023746 0.021367 
